 -5.200  -18.000  -12.000
 -5.200  -19.500  -12.000
 
 -3.200  -39.000  -12.000
 -3.200  -37.500  -12.000
 
 -1.200  -11.500  -12.000
 -1.200  -13.000  -12.000
 
 0.800  -43.500  -12.000
 0.800  -42.000  -12.000

 2.800  -8.000  -12.000
 2.800  -9.500  -12.000
 
 4.800  -46.500  -12.000
 4.800  -45.000  -12.000

 6.800  -5.500  -12.000
 6.800  -7.000  -12.000

 8.800  -48.000  -12.000
 8.800  -46.500  -12.000
 
 10.800  -4.000  -12.000
 10.800  -5.500  -12.000

 12.800  -49.000  -12.000
 12.800  -47.500  -12.000
 
 14.800  -3.500  -12.000
 14.800  -5.000  -12.000
 
 
 16.800  -49.500  -12.000
 16.800  -48.000  -12.000
 
 18.800  -3.500  -12.000
 18.800  -5.000  -12.000
 
 20.800  -49.000  -12.000
 20.800  -47.500  -12.000

 22.800  -4.500  -12.000
 22.800  -6.000  -12.000
 
 24.800  -47.500  -12.000
 24.800  -46.000  -12.000
 
 26.800  -6.000  -12.000
 26.800  -7.500  -12.000
 
 28.800  -46.000  -12.000
 28.800  -44.500  -12.000
 
 30.800  -8.500  -12.000
 30.800  -10.000  -12.000
 30.800  -11.500  -12.000
 30.800  -13.000  -12.000
 
 32.800  -42.500  -12.000
 32.800  -41.000  -12.000
 
 34.800  -12.500  -12.000
 34.800  -14.000  -12.000
 
 36.800  -37.000  -12.000
 36.800  -35.500  -12.000
 
 38.800  -21.000  -12.000
 38.800  -22.500  -12.000
 

 -5.200  -18.000  -13.500
 -5.200  -19.500  -13.500
 
 -3.200  -39.000  -13.500
 -3.200  -37.500  -13.500

 -1.200  -11.500  -13.500
 -1.200  -13.000  -13.500
 
 0.800  -43.500  -13.500
 0.800  -42.000  -13.500
 
 2.800  -8.000  -13.500
 2.800  -9.500  -13.500
 
 4.800  -46.500  -13.500
 4.800  -45.000  -13.500
 
 6.800  -5.500  -13.500
 6.800  -7.000  -13.500
 
 8.800  -48.000  -13.500
 8.800  -46.500  -13.500
 
 10.800  -4.000  -13.500
 10.800  -5.500  -13.500
 
 12.800  -49.000  -13.500
 12.800  -47.500  -13.500

 14.800  -3.500  -13.500
 14.800  -5.000  -13.500

 16.800  -49.500  -13.500
 16.800  -48.000  -13.500
 
 18.800  -3.500  -13.500
 18.800  -5.000  -13.500
 
 20.800  -49.000  -13.500
 20.800  -47.500  -13.500
 
 22.800  -4.500  -13.500
 22.800  -6.000  -13.500
 
 24.800  -47.500  -13.500
 24.800  -46.000  -13.500
 
 26.800  -6.000  -13.500
 26.800  -7.500  -13.500

 28.800  -46.000  -13.500
 28.800  -44.500  -13.500
 
 30.800  -8.500  -13.500
 30.800  -10.000  -13.500

 32.800  -42.500  -13.500
 32.800  -41.000  -13.500
 
 34.800  -12.500  -13.500
 34.800  -14.000  -13.500
 
 36.800  -37.000  -13.500
 36.800  -35.500  -13.500
 
 38.800  -21.000  -13.500
 38.800  -22.500  -13.500
 