-94.42 -145.00 51.00 ArcOn
-90.03 -145.00 51.00
-87.80 -145.00 51.00
-81.60 -145.00 51.00
-56.55 -142.00 51.00
-118.75 -142.00 51.00
-128.57 -139.00 51.00
-42.75 -139.00 51.00
-39.17 -136.00 51.00
-147.32 -136.00 51.00
-154.03 -133.00 51.00
-36.95 -133.00 51.00
-35.10 -130.00 51.00
-158.60 -130.00 51.00
-161.97 -127.00 51.00
-33.32 -127.00 51.00
-31.59 -124.00 51.00
-167.65 -124.00 51.00
-172.92 -121.00 51.00
-29.95 -121.00 51.00
-28.55 -118.00 51.00
-175.97 -118.00 51.00
-177.90 -115.00 51.00
-27.41 -115.00 51.00
-26.41 -112.00 51.00
-179.12 -112.00 51.00
-180.27 -109.00 51.00
-25.44 -109.00 51.00
-24.63 -106.00 51.00
-181.79 -106.00 51.00
-183.02 -103.00 51.00
-23.88 -103.00 51.00
-23.10 -100.00 51.00
-183.77 -100.00 51.00
-184.63 -97.00 51.00
-22.45 -97.00 51.00
-21.72 -94.00 51.00
-185.50 -94.00 51.00
-186.18 -91.00 51.00
-21.15 -91.00 51.00
-20.71 -88.00 51.00
-186.46 -88.00 51.00
-186.18 -85.00 51.00
-20.05 -85.00 51.00
-19.51 -82.00 51.00
-185.24 -82.00 51.00
-183.94 -79.00 51.00
-19.08 -79.00 51.00
-54.45 -76.00 51.00
-182.21 -76.00 51.00
-179.74 -73.00 51.00
-61.44 -73.00 51.00
-65.32 -70.00 51.00
-176.69 -70.00 51.00
-173.61 -67.00 51.00
-65.83 -67.00 51.00
-65.92 -64.00 51.00
-167.17 -64.00 51.00
-155.33 -61.00 51.00
-65.97 -61.00 51.00
-65.96 -58.00 51.00
-142.72 -58.00 51.00
-129.37 -55.00 51.00
-65.93 -55.00 51.00
-65.92 -52.00 51.00
-109.74 -52.00 51.00
-101.16 -49.00 51.00
-65.92 -49.00 51.00
-65.61 -46.00 51.00
-98.11 -46.00 51.00
-96.49 -43.00 51.00
-63.06 -43.00 51.00
-60.66 -40.00 51.00
-95.18 -40.00 51.00
-94.19 -37.00 51.00
-59.58 -37.00 51.00
-59.03 -34.00 51.00
-93.29 -34.00 51.00
-92.36 -31.00 51.00
-58.68 -31.00 51.00
-58.52 -28.00 51.00
-91.57 -28.00 51.00
-91.36 -25.00 51.00
-58.52 -25.00 51.00
-58.58 -22.00 51.00
-91.20 -22.00 51.00
-91.02 -19.00 51.00
-58.64 -19.00 51.00
-58.71 -16.00 51.00
-90.94 -16.00 51.00
-90.59 -13.00 51.00
-58.77 -13.00 51.00
-58.83 -10.00 51.00
-90.52 -10.00 51.00
-90.41 -7.00 51.00
-58.89 -7.00 51.00
-58.95 -4.00 51.00
-90.00 -4.00 51.00
-89.44 -1.00 51.00
-59.01 -1.00 51.00
-59.07 2.00 51.00
-88.99 2.00 51.00
-18.68 -76.00 51.00
-36.73 -76.00 51.00
-36.10 -73.00 51.00
-18.26 -73.00 51.00
-17.85 -70.00 51.00
-36.05 -70.00 51.00
-36.05 -67.00 51.00
-17.37 -67.00 51.00
-16.90 -64.00 51.00
-36.07 -64.00 51.00
-36.13 -61.00 51.00
-16.53 -61.00 51.00
-16.22 -58.00 51.00
-36.22 -58.00 51.00
-36.32 -55.00 51.00
-15.92 -55.00 51.00
-15.66 -52.00 51.00
-36.41 -52.00 51.00
-36.51 -49.00 51.00
-15.48 -49.00 51.00
-15.19 -46.00 51.00
-36.60 -46.00 51.00
-36.68 -43.00 51.00
-14.46 -43.00 51.00
-13.69 -40.00 51.00
-36.76 -40.00 51.00
-36.82 -37.00 51.00
-13.16 -37.00 51.00
-12.85 -34.00 51.00
-36.89 -34.00 51.00
-36.90 -31.00 51.00
-12.47 -31.00 51.00
-11.62 -28.00 51.00
-36.46 -28.00 51.00
-34.90 -25.00 51.00
-10.40 -25.00 51.00
-9.44 -22.00 51.00
-33.42 -22.00 51.00
-31.14 -19.00 51.00
-8.74 -19.00 51.00
-7.90 -16.00 51.00
-29.15 -16.00 51.00
-28.49 -13.00 51.00
-5.73 -13.00 51.00
0.90 -10.00 51.00
-28.30 -10.00 51.00
-28.29 -7.00 51.00
3.30 -7.00 51.00
3.67 -4.00 51.00
-28.29 -4.00 51.00
-28.30 -1.00 51.00
5.78 -1.00 51.00
7.49 2.00 51.00
-28.32 2.00 51.00
-88.63 5.00 51.00
-59.13 5.00 51.00
-28.34 5.00 51.00
8.60 5.00 51.00
16.87 5.00 51.00
22.99 5.00 51.00
-59.20 8.00 51.00
-88.18 8.00 51.00
-87.74 11.00 51.00
-59.26 11.00 51.00
-59.32 14.00 51.00
-87.23 14.00 51.00
-86.78 17.00 51.00
-59.38 17.00 51.00
-59.44 20.00 51.00
-86.26 20.00 51.00
-85.77 23.00 51.00
-59.50 23.00 51.00
-59.60 26.00 51.00
-85.79 26.00 51.00
-87.66 29.00 51.00
-59.80 29.00 51.00
-60.24 32.00 51.00
-90.79 32.00 51.00
-94.38 35.00 51.00
-60.73 35.00 51.00
-61.19 38.00 51.00
-98.19 38.00 51.00
-102.66 41.00 51.00
-61.40 41.00 51.00
-61.53 44.00 51.00
-107.35 44.00 51.00
-112.12 47.00 51.00
-61.59 47.00 51.00
-61.65 50.00 51.00
-116.71 50.00 51.00
-121.40 53.00 51.00
-61.72 53.00 51.00
-61.78 56.00 51.00
-125.68 56.00 51.00
-129.26 59.00 51.00
-61.84 59.00 51.00
-61.90 62.00 51.00
-132.12 62.00 51.00
-133.52 65.00 51.00
-61.96 65.00 51.00
-62.02 68.00 51.00
-134.46 68.00 51.00
-134.81 71.00 51.00
-62.18 71.00 51.00
-62.75 74.00 51.00
-134.79 74.00 51.00
-134.77 77.00 51.00
-64.01 77.00 51.00
-66.17 80.00 51.00
-134.83 80.00 51.00
23.85 8.00 51.00
-28.37 8.00 51.00
-28.41 11.00 51.00
22.78 11.00 51.00
20.48 14.00 51.00
-28.46 14.00 51.00
-28.51 17.00 51.00
18.20 17.00 51.00
15.35 20.00 51.00
-28.57 20.00 51.00
-28.64 23.00 51.00
-4.76 23.00 51.00
-7.93 26.00 51.00
-28.72 26.00 51.00
-28.80 29.00 51.00
-8.59 29.00 51.00
-8.84 32.00 51.00
-28.89 32.00 51.00
-28.99 35.00 51.00
-9.10 35.00 51.00
-9.41 38.00 51.00
-29.10 38.00 51.00
-29.22 41.00 51.00
-9.99 41.00 51.00
-11.00 44.00 51.00
-29.42 44.00 51.00
-29.94 47.00 51.00
-12.37 47.00 51.00
-13.42 50.00 51.00
-31.23 50.00 51.00
-34.07 53.00 51.00
-13.97 53.00 51.00
-14.64 56.00 51.00
-35.70 56.00 51.00
-37.58 59.00 51.00
-15.24 59.00 51.00
-15.68 62.00 51.00
-38.50 62.00 51.00
-38.66 65.00 51.00
-16.23 65.00 51.00
-16.83 68.00 51.00
-38.72 68.00 51.00
-38.77 71.00 51.00
-17.31 71.00 51.00
-17.62 74.00 51.00
-38.83 74.00 51.00
-38.88 77.00 51.00
-17.84 77.00 51.00
-18.00 80.00 51.00
-38.93 80.00 51.00
-134.85 83.00 51.00
-113.74 83.00 51.00
-97.58 83.00 51.00
-70.07 83.00 51.00
-38.99 83.00 51.00
-18.08 83.00 51.00
-114.09 86.00 51.00
-134.78 86.00 51.00
-134.73 89.00 51.00
-114.34 89.00 51.00
-114.54 92.00 51.00
-134.66 92.00 51.00
-134.46 95.00 51.00
-114.69 95.00 51.00
-114.81 98.00 51.00
-134.27 98.00 51.00
-134.20 101.00 51.00
-114.90 101.00 51.00
-114.95 104.00 51.00
-134.07 104.00 51.00
-133.78 107.00 51.00
-114.97 107.00 51.00
-114.96 110.00 51.00
-133.37 110.00 51.00
-133.04 113.00 51.00
-114.92 113.00 51.00
-114.82 116.00 51.00
-132.72 116.00 51.00
-132.32 119.00 51.00
-114.66 119.00 51.00
-18.18 86.00 51.00
-39.03 86.00 51.00
-39.08 89.00 51.00
-18.47 89.00 51.00
-18.75 92.00 51.00
-39.11 92.00 51.00
-39.12 95.00 51.00
-18.94 95.00 51.00
-19.54 98.00 51.00
-39.14 98.00 51.00
-39.16 101.00 51.00
-20.10 101.00 51.00
-20.44 104.00 51.00
-39.21 104.00 51.00
-39.28 107.00 51.00
-20.64 107.00 51.00
-21.00 110.00 51.00
-39.37 110.00 51.00
-39.50 113.00 51.00
-21.42 113.00 51.00
-21.83 116.00 51.00
-39.67 116.00 51.00
-39.89 119.00 51.00
-22.33 119.00 51.00
-114.30 122.00 51.00
-131.89 122.00 51.00
-60.99 122.00 51.00
-98.78 122.00 51.00
-22.99 122.00 51.00
-41.54 122.00 51.00
-131.37 125.00 51.00
-23.88 125.00 51.00
-26.12 128.00 51.00
-130.65 128.00 51.00
-129.74 131.00 51.00
-30.61 131.00 51.00
-37.61 134.00 51.00
-128.54 134.00 51.00
-126.96 137.00 51.00
-48.36 137.00 51.00
-61.35 140.00 51.00
-125.11 140.00 51.00
-120.25 143.00 51.00
-113.82 143.00 51.00 ArcOff
